0000
0000
0000
0000
0000
0000
0000
0000
0000
0000
0000
0000
0000
0000
0000
0000
0000
1000
0100
1100
0010
1010
0110
1110
0001
1001
0101
1101
0011
1011
0111
1111
0000
0000
1000
1000
0100
0100
1100
1100
0010
0010
1010
1010
0110
0110
1110
1110
0000
0000
0000
1000
1000
1000
0100
0100
0100
1100
1100
1100
0010
0010
0010
1010
0000
0000
0000
0000
1000
1000
1000
1000
0100
0100
0100
0100
1100
1100
1100
1100
0000
0000
0000
0000
0000
1000
1000
1000
1000
1000
0100
0100
0100
0100
0100
1100
0000
0000
0000
0000
0000
0000
1000
1000
1000
1000
1000
1000
0100
0100
0100
0100
0000
0000
0000
0000
0000
0000
0000
1000
1000
1000
1000
1000
1000
1000
0100
0100
0000
0000
0000
0000
0000
0000
0000
0000
1000
1000
1000
1000
1000
1000
1000
1000
0000
0000
0000
0000
0000
0000
0000
0000
0000
1000
1000
1000
1000
1000
1000
1000
0000
0000
0000
0000
0000
0000
0000
0000
0000
0000
1000
1000
1000
1000
1000
1000
0000
0000
0000
0000
0000
0000
0000
0000
0000
0000
0000
1000
1000
1000
1000
1000
0000
0000
0000
0000
0000
0000
0000
0000
0000
0000
0000
0000
1000
1000
1000
1000
0000
0000
0000
0000
0000
0000
0000
0000
0000
0000
0000
0000
0000
1000
1000
1000
0000
0000
0000
0000
0000
0000
0000
0000
0000
0000
0000
0000
0000
0000
1000
1000
0000
0000
0000
0000
0000
0000
0000
0000
0000
0000
0000
0000
0000
0000
0000
1000
